1 897
1 271
1 2476
1 618
1 1721
1 888
1 1089
1 1899
1 5576
1 1349
1 36
1 75
1 8
1 1043
1 2001
1 2300
1 419
1 1287
1 1243
1 89
1 3897
1 4477
1 6810
1 2277
1 4544
1 63
1 378
1 442
1 1627
1 265
2 2732
2 1077
2 32
2 4645
2 328
2 1852
2 977
2 4254
2 2225
2 1974
2 110
2 364
2 1179
2 2928
2 148
2 713
2 1381
8 2476
8 2750
8 3312
8 75
8 442
8 265
8 727
8 114
8 5220
8 2685
8 7319
8 6810
8 5648
8 2757
8 1288
10 1582
10 1593
10 2123
10 2670
10 2260
10 4092
10 6847
10 926
10 5339
10 6639
10 1755
10 4474
10 2016
10 5220
10 3037
10 2923
10 6663
10 646
10 170
10 8306
10 1836
10 2212
10 7120
10 4295
10 2911
10 5773
10 2594
11 677
11 2140
12 4181
12 6262
18 4357
18 899
18 38
18 4069
18 586
21 592
21 1528
21 3673
21 2183
21 36
24 251
35 1190
35 36
36 785
38 378
46 190
46 227
46 7017
46 162
46 195
51 126
58 568
58 414
58 5956
58 4074
58 9247
58 1086
59 2467
59 6663
59 1753
67 929
73 3206
75 3297
76 443
78 1750
78 1521
78 1751
80 2411
82 253
82 1604
83 1258
83 4231
89 239
91 2146
91 945
107 1931
117 275
118 7284
119 3781
123 265
135 378
135 763
137 6045
138 429
146 987
152 4750
152 1776
156 466
167 236
167 710
189 885
194 521
202 703
203 7241
206 443
209 4587
215 586
223 557
243 1609
261 278
271 592
272 3011
272 4070
272 9094
276 719
278 678
279 660
286 3328
299 5418
300 557
304 1677
307 782
309 395
323 1286
328 468
328 944
361 8247
361 417
361 454
371 1675
382 9655
390 7137
399 528
406 1898
406 6766
418 1332
418 3348
421 892
429 1113
432 557
454 2266
461 1396
470 1722
491 1579
501 2642
517 579
534 3306
557 1458
559 2429
579 1582
597 6368
599 2021
611 6796
633 1570
655 2499
660 1722
668 3284
670 2870
682 2712
719 1397
729 3564
765 2731
779 1480
782 2859
782 1519
818 3992
825 7593
841 1535
842 4503
844 1722
864 1148
889 1431
890 1396
912 4117
913 3451
945 2245
967 4795
969 3514
1000 1352
1027 1028
1031 4151
1043 1089
1113 5994
1228 2521
1239 2052
1269 5825
1287 6045
1300 2895
1317 1480
1339 3834
1359 5340
1401 3543
1482 6925
1542 9329
1609 1610
1675 3781
1675 1727
1722 4129
1899 4089
1926 3090
2180 5252
2423 3645
2465 5873
2465 9416
2699 5403
2701 4169
3232 7701
4366 6286
4366 4412
4775 4776
5086 5666
5104 5105
5238 5239
5936 6576
7241 7242
8216 8517
8395 8840
